The Frost Archer
1
0
528 585 644 707 772 840 910 984 1060 1139 1221 1305 1393 1483 1576 1671 1770 1871
5.42 5.82 6.24 6.67 7.12 7.6 8.09 8.6 9.13 9.68 10.3 10.8 11.4 12.1 12.7 13.4 14.1 14.8
280 303 327 352 379 406 435 465 496 528 561 595 630 667 704 743 783 824
6.97 7.26 7.56 7.88 8.21 8.55 8.91 9.28 9.67 10.1 10.5 10.9 11.4 11.8 12.3 12.8 13.3 13.8
56.5 58.1 59.8 61.6 63.5 65.4 67.5 69.6 71.7 74 76.3 78.8 81.3 83.8 86.5 89.2 92 94.9
0.658
0 2.4 4.91 7.54 10.3 13.2 16.1 19.2 22.4 25.8 29.2 32.8 36.5 40.3 44.2 48.2 52.3 56.6
21.2 23.7 26.2 28.9 31.7 34.6 37.7 40.8 44.1 47.5 51 54.7 58.4 62.3 66.3 70.4 74.7 79
30 30.4 30.7 31.1 31.5 32 32.4 32.9 33.4 33.9 34.4 34.9 35.5 36 36.6 37.2 37.9 38.5
600
325
