The Might of Demacia
0
3
HP 616 677 741 807 877 949 1024 1103 1184 1268 1356 1446 1539 1635 1734 1836 1941 2049
HPRegen 7.84 8.2 8.58 8.97 9.38 9.81 10.3 10.7 11.2 11.7 12.2 12.8 13.3 13.9 14.5 15.1 15.7 16.3
3
0
AD 57.9 61.1 64.5 68.1 71.8 75.7 79.7 83.9 88.2 92.7 97.4 102 107 112 118 123 129 134
0.625
AS 0 2.09 4.28 6.57 8.96 11.5 14.1 16.7 19.5 22.4 25.4 28.6 31.8 35.1 38.5 42 45.6 49.3
AMR 27.5 29.7 32 34.3 36.8 39.4 42.1 44.9 47.8 50.8 53.9 57.1 60.4 63.8 67.3 71 74.7 78.5
MR 32.1 33 33.9 34.9 36 37 38.2 39.3 40.5 41.8 43.1 44.4 45.8 47.2 48.7 50.2 51.8 53.4
175
340