The Swift Scout
1
0
516 575 637 701 769 840 913 989 1068 1150 1235 1323 1414 1507 1603 1703 1805 1910
5.74 6.21 6.7 7.21 7.75 8.31 8.89 9.49 10.1 10.8 11.4 12.1 12.9 13.6 14.4 15.1 16 16.8
267 296 326 358 391 425 461 498 537 577 618 661 705 751 798 846 896 947
7.21 7.53 7.87 8.22 8.6 8.98 9.39 9.8 10.2 10.7 11.2 11.6 12.1 12.6 13.2 13.7 14.3 14.9
49.5 51.7 54 56.3 58.8 61.4 64.1 66.9 69.8 72.8 75.9 79.1 82.4 85.8 89.3 93 96.7 101
0.69
0 2.43 4.99 7.66 10.4 13.4 16.4 19.5 22.8 26.2 29.7 33.3 37 40.9 44.8 48.9 53.1 57.5
24.3 27 29.8 32.8 35.9 39.1 42.5 46 49.6 53.3 57.2 61.2 65.4 69.6 74 78.6 83.3 88
30 30.4 30.7 31.1 31.5 32 32.4 32.9 33.4 33.9 34.4 34.9 35.5 36 36.6 37.2 37.9 38.5
500
330